rotor_radius,root_radius,n_blades,air_density,wind_speed,tip_speed_ratio,pitch,start_radius,tip_loss_correction,root_loss_correction,resolution,r_centre,r_inner,r_outer,a,a_prime,C_t,C_n,C_q,f_n,f_t,C_T,C_P,alpha,circulation,end_correction,C_l,C_d,phi,inflow_speed
50.0,10.0,3.0,1.225,10.0,10.0,0.0,12.5,1.0,1.0,10.0,14.583333333333334,12.5,16.666666666666668,0.25426153710808963,0.02250742475013478,0.1807646438981918,0.7257829093356511,0.19582094392957658,1312.8324488075427,326.97613439797414,0.7584504314220848,0.5656056589084119,4.716624819165887,35.92452017835462,0.8925558609605346,0.7479072186651005,0.008454598511799827,0.2553991168318312,30.74137050740545
50.0,10.0,3.0,1.225,10.0,10.0,0.0,12.5,1.0,1.0,10.0,18.75,16.666666666666668,20.833333333333336,0.2086723065433774,0.01125266537725869,0.11873684652082513,0.5907801829678597,0.1335681860733797,1561.2146768084951,313.77780232068955,0.6605127001009765,0.5226819914697116,3.3826751158140143,33.55367107673475,0.976682058914799,0.6025398948636244,0.00808321761307627,0.21175512784573888,38.738819497714374
50.0,10.0,3.0,1.225,10.0,10.0,0.0,12.5,1.0,1.0,10.0,22.916666666666668,20.833333333333336,25.0,0.18774077193560917,0.006723039401870868,0.08294817431488544,0.5060076846748613,0.10011559790485211,1785.785994696518,292.7380205151396,0.609976697954523,0.4954592018178069,2.608320491847499,31.52692015920279,0.9946292618147333,0.5127005521563424,0.007894326492373696,0.1778779154728801,46.85095519492058
50.0,10.0,3.0,1.225,10.0,10.0,0.0,12.5,1.0,1.0,10.0,27.083333333333336,25.0,29.166666666666668,0.1813432288025629,0.004550338529964259,0.06358092225007012,0.4679296595730858,0.08071191805724305,2061.0043485262736,280.0432812065383,0.5938314486800969,0.48614413641194465,2.2692361031321955,30.85258678795412,0.9986669275790759,0.47216484724350727,0.00781389850643553,0.15159760184108523,55.02554005841264
50.0,10.0,3.0,1.225,10.0,10.0,0.0,12.5,1.0,1.0,10.0,31.25,29.166666666666668,33.333333333333336,0.18543508712361406,0.0033961446066159465,0.05321716632846241,0.46501150442044537,0.06915950589009316,2420.4692617829783,277.0050075594902,0.6041956623482868,0.4921565870610225,2.234243450689226,31.444391893489225,0.9991277236774038,0.4679816648831523,0.007805598541434826,0.13062469023534887,63.239062559206985
50.0,10.0,3.0,1.225,10.0,10.0,0.0,12.5,1.0,1.0,10.0,35.41666666666667,33.333333333333336,37.5,0.19673227001649585,0.002720706058562132,0.04781368359607854,0.48842883018617156,0.061921235755717834,2865.916763275084,280.5527210171059,0.6321147358026097,0.5077573689172847,2.424290497366492,32.88254830523257,0.9972464053414135,0.4907007615447609,0.007850676114176114,0.11357946232695797,71.47883382497791
50.0,10.0,3.0,1.225,10.0,10.0,0.0,12.5,1.0,1.0,10.0,39.583333333333336,37.5,41.66666666666667,0.21250794456454547,0.002286937258592663,0.045209462305933264,0.5323753457248318,0.05702992254333356,3369.0154152810874,286.09772531424363,0.6693932722459902,0.5271418838556596,2.78843728437795,34.61118827486037,0.9879490610797129,0.5342325406372123,0.0079370486917405,0.09957284811426594,79.73753436705519
50.0,10.0,3.0,1.225,10.0,10.0,0.0,12.5,1.0,1.0,10.0,43.75,41.66666666666667,45.833333333333336,0.2327220149321623,0.002008874042641976,0.04375310543278551,0.5893434419426633,0.05394776896926959,3844.5886526653167,285.4238813810736,0.7142499147923069,0.548028235456716,3.2769714933075376,35.754496555123936,0.9427011885054019,0.5909104196959176,0.008056220617151237,0.08773720396211263,88.01087053191445
50.0,10.0,3.0,1.225,10.0,10.0,0.0,12.5,1.0,1.0,10.0,47.91666666666667,45.833333333333336,50.0,0.2941774750822249,0.002099027798725862,0.03824365751038654,0.6292273726996822,0.05679240886282269,4020.3173925452907,244.34989340003642,0.8305483529458875,0.5862197355425657,3.635320453143924,34.14220698374765,0.6999557068707569,0.6303358455325339,0.008147743927129096,0.07362939857575394,96.29351922500342
